#| Count 10.04::ca.umontreal.iro.evolution.malin.ui.count.DolloDisplay
# Family	Prot	Brfl	Oidi	Dvex	Cisa	Ciro	Sath	Mlis	Mata	Mlta	Bosc	Haro	Pema	Dare	Lach	Xetr	Anca	1	2	3	4	5	6	7	8	9	10	11	12	13	14	15	16
MIR1122	0	1	0	1	0	0	0	0	0	0	1	0	0	1	0	0	0	0	1	1	0	0	1	1	1	1	0	0	1	1	1	1	0
MIR158	0	1	1	1	0	1	0	0	0	0	1	0	0	1	1	0	0	1	1	1	0	0	1	1	1	1	0	1	1	1	1	1	0
MIR171_1	0	0	0	0	0	0	0	0	0	0	1	0	0	0	1	0	0	0	0	0	0	0	1	1	1	1	0	1	1	1	1	0	0
MIR1846	0	1	0	0	0	0	0	0	0	0	1	0	0	0	1	0	0	0	0	0	0	0	1	1	1	1	0	1	1	1	1	1	0
MIR535	0	1	0	0	0	0	0	0	0	0	1	0	0	0	1	0	0	0	0	0	0	0	1	1	1	1	0	1	1	1	1	1	0
MIR811	0	1	1	1	1	1	0	0	0	0	1	0	0	1	1	0	0	1	1	1	0	0	1	1	1	1	0	1	1	1	1	1	0
bantam	1	0	0	1	0	0	0	0	0	1	0	0	0	0	0	0	0	0	1	1	1	1	0	1	1	1	0	0	0	0	1	1	1
cin-mir-4000c	0	0	0	0	0	1	0	0	0	0	0	1	0	0	0	0	0	1	1	1	0	0	1	1	1	0	0	0	0	0	0	0	0
cin-mir-4010	0	0	0	0	0	1	0	0	0	0	0	1	0	0	0	0	0	1	1	1	0	0	1	1	1	0	0	0	0	0	0	0	0
cin-mir-4029	0	0	0	0	0	1	0	0	0	0	0	1	0	0	0	0	0	1	1	1	0	0	1	1	1	0	0	0	0	0	0	0	0
cin-mir-4034	0	0	0	0	0	1	0	0	0	0	0	1	0	0	0	0	0	1	1	1	0	0	1	1	1	0	0	0	0	0	0	0	0
cin-mir-4047	0	0	0	0	0	1	0	0	0	0	0	1	0	0	0	0	0	1	1	1	0	0	1	1	1	0	0	0	0	0	0	0	0
cin-mir-4049	0	0	0	0	0	1	0	0	0	0	0	1	0	0	0	0	0	1	1	1	0	0	1	1	1	0	0	0	0	0	0	0	0
cin-mir-4052	0	0	0	0	0	1	0	0	0	0	0	1	0	0	0	0	0	1	1	1	0	0	1	1	1	0	0	0	0	0	0	0	0
cin-mir-4053	0	0	0	0	0	1	1	0	0	0	0	0	0	0	0	0	0	1	1	1	0	0	0	0	0	0	0	0	0	0	0	0	0
cin-mir-4054	0	0	0	0	0	1	1	0	0	0	0	1	0	0	0	0	0	1	1	1	0	0	1	1	1	0	0	0	0	0	0	0	0
cin-mir-4065	0	0	0	0	0	1	1	0	0	0	0	0	0	0	0	0	0	1	1	1	0	0	0	0	0	0	0	0	0	0	0	0	0
cin-mir-4072	0	0	0	0	0	1	0	0	0	0	0	1	0	0	0	0	0	1	1	1	0	0	1	1	1	0	0	0	0	0	0	0	0
cin-mir-4086	0	0	0	0	0	1	0	0	0	0	0	1	0	0	0	0	0	1	1	1	0	0	1	1	1	0	0	0	0	0	0	0	0
cin-mir-4093	0	0	0	0	0	1	0	0	0	0	0	1	0	0	0	0	0	1	1	1	0	0	1	1	1	0	0	0	0	0	0	0	0
cin-mir-4101	0	0	0	0	0	1	0	0	0	0	0	1	0	0	0	0	0	1	1	1	0	0	1	1	1	0	0	0	0	0	0	0	0
cin-mir-4123	0	0	0	0	0	1	0	0	0	0	0	1	0	0	0	0	0	1	1	1	0	0	1	1	1	0	0	0	0	0	0	0	0
cin-mir-4171	0	0	0	0	0	1	0	0	0	0	0	1	0	0	0	0	0	1	1	1	0	0	1	1	1	0	0	0	0	0	0	0	0
cin-mir-4220	0	0	0	0	0	1	0	0	0	0	0	1	0	0	0	0	0	1	1	1	0	0	1	1	1	0	0	0	0	0	0	0	0
let-7	1	1	1	1	1	1	1	1	1	1	1	1	1	1	1	1	1	1	1	1	1	1	1	1	1	1	1	1	1	1	1	1	1
mir-1	1	1	1	1	1	1	0	1	1	1	1	0	1	1	1	1	1	1	1	1	1	1	1	1	1	1	1	1	1	1	1	1	1
mir-10	1	1	0	1	1	1	0	0	0	0	1	0	1	1	1	1	1	1	1	1	0	0	1	1	1	1	1	1	1	1	1	1	1
mir-101	0	0	0	0	0	0	0	0	0	0	0	0	0	1	1	0	0	0	0	0	0	0	0	0	0	0	0	1	1	0	0	0	0
mir-103	0	0	0	0	0	0	0	0	0	0	0	0	0	1	1	0	0	0	0	0	0	0	0	0	0	0	0	1	1	0	0	0	0
mir-11	0	0	0	1	0	0	0	0	0	0	1	0	0	0	0	0	0	0	1	1	0	0	1	1	1	0	0	0	0	0	0	0	0
mir-122	0	0	0	0	0	0	0	0	0	1	0	0	0	1	1	1	1	0	0	0	1	1	0	1	1	1	1	1	1	1	1	0	0
mir-124	1	1	1	1	1	1	0	1	1	1	1	1	1	1	1	1	1	1	1	1	1	1	1	1	1	1	1	1	1	1	1	1	1
mir-126	0	0	0	1	1	1	0	1	1	1	0	1	0	1	1	0	0	1	1	1	1	1	1	1	1	1	0	1	1	1	1	0	0
mir-1277	0	0	0	1	0	0	1	1	1	1	0	1	0	0	0	0	0	0	1	1	1	1	1	1	1	0	0	0	0	0	0	0	0
mir-128	0	0	0	0	0	0	0	0	0	0	0	0	1	1	1	1	1	0	0	0	0	0	0	0	0	0	1	1	1	1	0	0	0
mir-1287	0	1	1	0	0	0	0	0	1	1	0	0	0	0	0	0	0	0	0	0	1	1	0	1	1	1	0	0	0	0	1	1	0
mir-129	0	1	0	0	0	0	0	0	0	0	1	0	0	1	1	0	0	0	0	0	0	0	1	1	1	1	0	1	1	1	1	1	0
mir-130	0	0	0	1	0	0	1	0	0	0	0	0	0	1	1	1	0	0	1	1	0	0	0	0	1	1	1	1	1	1	1	0	0
mir-1306	0	0	0	0	0	0	0	1	0	0	0	0	0	1	1	1	1	0	0	0	0	1	0	1	1	1	1	1	1	1	1	0	0
mir-132	0	0	0	0	0	0	0	0	0	0	0	0	1	1	1	1	1	0	0	0	0	0	0	0	0	0	1	1	1	1	0	0	0
mir-1329	0	0	0	0	0	0	0	0	0	0	0	0	0	0	1	1	1	0	0	0	0	0	0	0	0	0	1	1	0	0	0	0	0
mir-133	1	0	0	1	1	1	0	1	1	1	1	1	0	1	1	1	0	1	1	1	1	1	1	1	1	1	1	1	1	1	1	1	1
mir-135	0	1	0	1	0	0	0	0	0	0	0	0	1	1	1	1	1	0	1	1	0	0	0	0	1	1	1	1	1	1	1	1	0
mir-137	1	1	0	1	1	1	0	0	0	0	0	0	1	1	1	1	1	1	1	1	0	0	0	0	1	1	1	1	1	1	1	1	1
mir-138	0	0	0	0	0	0	0	0	0	0	0	0	1	1	1	1	1	0	0	0	0	0	0	0	0	0	1	1	1	1	0	0	0
mir-1388	0	0	0	0	0	0	0	0	0	0	0	0	0	1	1	0	1	0	0	0	0	0	0	0	0	0	1	1	1	0	0	0	0
mir-139	0	0	0	1	0	0	0	0	0	0	0	0	0	1	1	1	1	0	1	1	0	0	0	0	1	1	1	1	1	1	1	0	0
mir-140	0	0	0	0	0	0	0	0	0	0	0	0	0	1	1	1	1	0	0	0	0	0	0	0	0	0	1	1	1	0	0	0	0
mir-142	0	0	0	0	0	0	1	0	0	0	0	0	0	1	1	1	1	0	0	1	0	0	0	0	1	1	1	1	1	1	1	0	0
mir-143	0	0	0	0	0	0	0	0	0	0	0	0	1	1	1	1	1	0	0	0	0	0	0	0	0	0	1	1	1	1	0	0	0
mir-144	0	0	0	0	0	0	1	0	0	1	0	0	1	1	1	1	1	0	0	1	1	1	0	1	1	1	1	1	1	1	1	0	0
mir-145	0	0	0	0	0	0	0	0	0	0	0	0	1	1	1	1	1	0	0	0	0	0	0	0	0	0	1	1	1	1	0	0	0
mir-146	0	0	0	1	0	0	0	0	0	1	0	0	1	1	1	1	1	0	1	1	1	1	0	1	1	1	1	1	1	1	1	0	0
mir-1469	0	0	1	1	0	0	0	0	0	0	0	0	0	0	0	0	0	0	1	1	0	0	0	0	1	1	0	0	0	0	0	0	0
mir-147	0	0	0	1	0	0	0	0	0	1	0	0	0	0	1	0	1	0	1	1	1	1	0	1	1	1	1	1	1	1	1	0	0
mir-1473	0	0	1	0	1	1	0	0	0	0	0	0	0	0	0	0	0	1	1	1	0	0	0	0	1	1	0	0	0	0	0	0	0
mir-148	0	0	0	1	0	0	0	0	0	0	1	0	1	1	1	1	1	0	1	1	0	0	1	1	1	1	1	1	1	1	1	0	0
mir-1497	0	0	1	0	1	1	0	0	0	0	1	0	0	0	0	0	0	1	1	1	0	0	1	1	1	1	0	0	0	0	0	0	0
mir-15	0	0	0	0	0	0	0	0	0	0	0	0	1	1	1	1	1	0	0	0	0	0	0	0	0	0	1	1	1	1	0	0	0
mir-150	0	0	0	0	0	0	0	0	0	0	0	0	0	1	0	1	1	0	0	0	0	0	0	0	0	0	1	1	1	0	0	0	0
mir-1502	0	0	1	0	0	1	0	0	0	0	0	0	0	0	0	0	0	1	1	1	0	0	0	0	1	1	0	0	0	0	0	0	0
mir-153	1	1	0	1	1	1	0	1	1	1	1	1	1	1	1	1	1	1	1	1	1	1	1	1	1	1	1	1	1	1	1	1	1
mir-154	0	0	0	0	0	0	0	1	0	0	1	0	0	0	1	0	0	0	0	0	0	1	1	1	1	1	0	1	1	1	1	0	0
mir-155	0	0	0	0	0	0	0	0	0	0	0	0	0	1	1	0	0	0	0	0	0	0	0	0	0	0	0	1	1	0	0	0	0
mir-1662	0	0	0	0	0	0	0	0	0	0	0	0	0	0	0	1	1	0	0	0	0	0	0	0	0	0	1	0	0	0	0	0	0
mir-17	0	0	0	1	0	0	0	0	1	1	0	0	1	1	1	1	1	0	1	1	1	1	0	1	1	1	1	1	1	1	1	0	0
mir-1788	0	0	0	0	0	0	0	0	0	0	0	0	1	1	0	0	1	0	0	0	0	0	0	0	0	0	1	1	1	1	0	0	0
mir-181	0	0	0	0	0	0	0	0	0	0	0	0	1	1	1	1	1	0	0	0	0	0	0	0	0	0	1	1	1	1	0	0	0
mir-182	1	1	0	0	0	0	0	0	0	0	0	0	1	1	1	1	1	0	0	0	0	0	0	0	0	0	1	1	1	1	1	1	1
mir-1829	1	0	0	0	0	0	0	0	0	0	0	0	0	0	0	0	0	0	0	0	0	0	0	0	0	0	0	0	0	0	0	0	0
mir-183	0	1	0	0	1	1	0	0	0	0	0	0	1	1	1	1	0	1	1	1	0	0	0	0	1	1	1	1	1	1	1	1	0
mir-184	1	1	0	0	0	1	1	1	0	0	0	0	1	1	1	1	1	1	1	1	0	1	0	1	1	1	1	1	1	1	1	1	1
mir-185	0	0	0	1	0	0	0	0	0	0	0	0	0	0	0	1	0	0	1	1	0	0	0	0	1	1	1	1	1	1	1	0	0
mir-186	0	0	1	1	0	0	1	0	0	0	1	0	0	1	1	0	1	0	1	1	0	0	1	1	1	1	1	1	1	1	1	0	0
mir-187	0	0	0	0	0	0	0	0	0	0	0	0	0	1	1	1	1	0	0	0	0	0	0	0	0	0	1	1	1	0	0	0	0
mir-19	0	0	0	1	0	0	1	0	0	1	0	0	0	1	1	0	0	0	1	1	1	1	0	1	1	1	0	1	1	1	1	0	0
mir-190	1	1	0	1	0	0	1	1	1	1	0	1	1	1	1	1	1	0	1	1	1	1	1	1	1	1	1	1	1	1	1	1	1
mir-1905	1	1	0	0	1	0	1	0	0	0	0	0	1	1	1	1	1	1	1	1	0	0	0	0	1	1	1	1	1	1	1	1	1
mir-191	0	0	0	1	0	0	0	0	0	0	1	0	0	1	1	1	1	0	1	1	0	0	1	1	1	1	1	1	1	1	1	0	0
mir-192	0	0	0	0	0	0	0	0	0	0	0	0	1	1	1	1	1	0	0	0	0	0	0	0	0	0	1	1	1	1	0	0	0
mir-193	1	1	0	0	0	0	0	0	0	0	0	0	0	1	1	0	0	0	0	0	0	0	0	0	0	0	0	1	1	1	1	1	1
mir-194	0	0	0	1	0	1	0	0	0	0	0	0	1	1	1	1	1	1	1	1	0	0	0	0	1	1	1	1	1	1	1	0	0
mir-196	0	0	0	0	0	0	0	0	0	0	0	0	1	1	1	1	1	0	0	0	0	0	0	0	0	0	1	1	1	1	0	0	0
mir-199	0	0	0	0	0	0	0	0	0	0	0	0	1	1	1	1	1	0	0	0	0	0	0	0	0	0	1	1	1	1	0	0	0
mir-2	1	0	0	1	0	0	0	0	0	0	0	0	0	0	0	0	0	0	1	1	0	0	0	0	1	1	0	0	0	0	1	1	1
mir-200	0	0	0	0	1	1	0	0	0	0	0	0	0	0	0	0	0	1	0	0	0	0	0	0	0	0	0	0	0	0	0	0	0
mir-2001	1	0	0	0	0	0	0	0	0	0	0	0	0	0	0	0	0	0	0	0	0	0	0	0	0	0	0	0	0	0	0	0	0
mir-202	0	0	0	0	0	0	0	0	0	0	0	0	0	1	1	1	1	0	0	0	0	0	0	0	0	0	1	1	1	0	0	0	0
mir-203	0	0	0	1	0	0	1	0	0	1	0	0	1	1	1	1	1	0	1	1	1	1	0	1	1	1	1	1	1	1	1	0	0
mir-204	0	0	0	0	0	0	0	0	0	0	0	0	1	1	1	1	1	0	0	0	0	0	0	0	0	0	1	1	1	1	0	0	0
mir-205	0	0	0	0	0	0	0	0	0	0	0	0	1	1	1	1	1	0	0	0	0	0	0	0	0	0	1	1	1	1	0	0	0
mir-208	0	0	0	1	1	1	1	0	0	0	1	0	0	1	1	1	1	1	1	1	0	0	1	1	1	1	1	1	1	1	1	0	0
mir-21	0	0	0	0	0	0	0	0	0	0	0	1	0	1	1	0	1	0	0	0	0	0	1	1	1	1	1	1	1	1	1	0	0
mir-210	1	1	0	1	0	1	0	0	0	0	0	0	0	1	1	1	1	1	1	1	0	0	0	0	1	1	1	1	1	1	1	1	1
mir-214	0	1	0	1	0	0	1	0	0	0	0	0	0	1	1	1	1	0	1	1	0	0	0	0	1	1	1	1	1	1	1	1	0
mir-216	1	1	0	1	1	1	0	1	1	1	1	1	1	1	1	1	1	1	1	1	1	1	1	1	1	1	1	1	1	1	1	1	1
mir-217	0	1	0	1	0	0	1	1	0	1	1	1	1	1	1	1	1	0	1	1	1	1	1	1	1	1	1	1	1	1	1	1	0
mir-218	0	0	0	0	0	0	0	0	0	0	1	0	1	1	1	1	1	0	0	0	0	0	1	1	1	1	1	1	1	1	1	0	0
mir-2188	0	0	0	0	0	0	0	0	0	0	0	0	0	1	1	1	1	0	0	0	0	0	0	0	0	0	1	1	1	0	0	0	0
mir-219	1	1	1	1	1	1	0	0	0	0	0	0	0	1	1	1	1	1	1	1	0	0	0	0	1	1	1	1	1	1	1	1	1
mir-22	0	1	0	0	0	0	0	0	0	1	0	0	1	1	1	1	1	0	0	0	1	1	0	1	1	1	1	1	1	1	1	1	0
mir-2208	1	0	0	0	0	0	0	0	0	0	0	0	0	0	0	0	0	0	0	0	0	0	0	0	0	0	0	0	0	0	0	0	0
mir-2209	1	0	0	0	0	0	0	0	0	0	0	0	0	0	0	0	0	0	0	0	0	0	0	0	0	0	0	0	0	0	0	0	0
mir-221	0	0	0	0	0	0	0	0	0	0	0	0	1	1	1	1	1	0	0	0	0	0	0	0	0	0	1	1	1	1	0	0	0
mir-2217	1	0	0	0	0	0	0	0	0	0	0	0	0	0	0	0	0	0	0	0	0	0	0	0	0	0	0	0	0	0	0	0	0
mir-223	0	0	0	0	0	0	0	0	0	0	0	0	0	1	1	1	1	0	0	0	0	0	0	0	0	0	1	1	1	0	0	0	0
mir-23	0	0	0	0	0	0	0	0	0	0	0	0	1	1	1	1	1	0	0	0	0	0	0	0	0	0	1	1	1	1	0	0	0
mir-231	0	0	0	1	1	0	0	0	0	0	1	0	0	1	1	1	1	1	1	1	0	0	1	1	1	1	1	1	1	1	1	0	0
mir-233	0	1	1	1	1	1	0	0	0	0	1	0	0	1	1	0	0	1	1	1	0	0	1	1	1	1	0	1	1	1	1	1	0
mir-239	0	0	0	1	0	1	0	0	0	0	0	0	0	1	0	0	1	1	1	1	0	0	0	0	1	1	1	1	1	1	1	0	0
mir-24	0	0	0	0	0	0	0	0	0	0	0	0	1	1	1	1	1	0	0	0	0	0	0	0	0	0	1	1	1	1	0	0	0
mir-240	0	0	0	1	0	0	0	0	0	0	1	0	0	1	0	0	0	0	1	1	0	0	1	1	1	1	0	0	1	1	1	0	0
mir-242	0	0	1	1	0	0	0	0	0	0	0	0	0	0	1	0	0	0	1	1	0	0	0	0	1	1	0	1	1	1	1	0	0
mir-242_2	1	1	0	0	0	0	0	0	0	0	0	0	0	0	0	0	0	0	0	0	0	0	0	0	0	0	0	0	0	0	0	1	1
mir-25	1	1	0	0	1	1	0	0	0	0	0	0	1	1	1	1	1	1	1	1	0	0	0	0	1	1	1	1	1	1	1	1	1
mir-252	1	1	0	0	0	0	0	0	0	0	1	0	0	0	0	0	0	0	0	0	0	0	1	1	1	1	0	0	0	0	1	1	1
mir-26	0	0	0	0	0	0	0	0	0	0	0	1	1	1	1	1	1	0	0	0	0	0	1	1	1	1	1	1	1	1	1	0	0
mir-266	1	0	0	0	0	0	0	0	0	0	0	0	0	0	0	0	0	0	0	0	0	0	0	0	0	0	0	0	0	0	0	0	0
mir-27	0	0	1	1	0	0	0	0	0	0	0	0	1	1	1	1	1	0	1	1	0	0	0	0	1	1	1	1	1	1	1	0	0
mir-276	0	0	0	1	0	1	0	0	0	0	0	0	1	1	1	1	1	1	1	1	0	0	0	0	1	1	1	1	1	1	1	0	0
mir-278	1	1	0	0	0	0	0	0	0	0	1	0	0	0	0	0	0	0	0	0	0	0	1	1	1	1	0	0	0	0	1	1	1
mir-279	0	0	0	1	0	0	0	0	0	0	1	0	0	0	1	0	1	0	1	1	0	0	1	1	1	1	1	1	1	1	1	0	0
mir-280	0	0	0	1	1	1	1	1	0	1	1	0	1	1	1	1	1	1	1	1	1	1	1	1	1	1	1	1	1	1	1	0	0
mir-281	0	0	1	1	1	1	0	0	0	0	0	0	0	0	0	0	0	1	1	1	0	0	0	0	1	1	0	0	0	0	0	0	0
mir-286	0	1	1	1	0	1	0	0	0	0	1	0	0	1	1	0	0	1	1	1	0	0	1	1	1	1	0	1	1	1	1	1	0
mir-287	0	0	0	1	0	0	0	0	0	0	0	1	0	0	0	0	0	0	1	1	0	0	1	1	1	0	0	0	0	0	0	0	0
mir-2887	1	0	0	0	0	0	0	0	0	0	0	0	0	0	0	0	0	0	0	0	0	0	0	0	0	0	0	0	0	0	0	0	0
mir-289	1	0	0	0	0	0	0	0	0	0	0	0	0	0	0	0	0	0	0	0	0	0	0	0	0	0	0	0	0	0	0	0	0
mir-29	1	1	0	0	0	0	0	0	0	0	1	1	1	1	1	1	1	0	0	0	0	0	1	1	1	1	1	1	1	1	1	1	1
mir-2957	0	0	0	0	0	0	0	0	0	0	0	0	0	0	0	1	1	0	0	0	0	0	0	0	0	0	1	0	0	0	0	0	0
mir-297	0	0	1	1	0	0	1	1	1	1	0	1	0	0	0	0	0	0	1	1	1	1	1	1	1	1	0	0	0	0	0	0	0
mir-2970	0	0	0	0	0	0	0	0	0	0	0	0	0	0	1	0	1	0	0	0	0	0	0	0	0	0	1	1	0	0	0	0	0
mir-2985	0	0	0	1	0	0	0	0	0	0	0	0	1	1	1	1	1	0	1	1	0	0	0	0	1	1	1	1	1	1	1	0	0
mir-2985-2	0	0	0	0	0	0	0	0	0	0	0	0	0	1	1	0	0	0	0	0	0	0	0	0	0	0	0	1	1	0	0	0	0
mir-3	0	0	0	1	0	1	0	0	0	0	1	0	0	0	0	0	0	1	1	1	0	0	1	1	1	0	0	0	0	0	0	0	0
mir-30	0	0	0	0	0	0	1	1	0	1	0	0	0	1	1	0	0	0	0	1	1	1	0	1	1	1	0	1	1	1	1	0	0
mir-302	0	0	0	1	0	0	0	0	0	0	0	0	0	0	0	1	1	0	1	1	0	0	0	0	1	1	1	1	1	1	1	0	0
mir-305	0	0	0	1	0	0	0	0	0	0	0	0	1	0	0	0	0	0	1	1	0	0	0	0	1	1	0	0	0	1	1	0	0
mir-306	0	0	0	1	0	1	0	0	0	0	0	0	0	0	0	1	0	1	1	1	0	0	0	0	1	1	1	1	1	1	1	0	0
mir-3064	0	0	0	0	0	0	0	0	0	0	0	0	0	0	1	1	1	0	0	0	0	0	0	0	0	0	1	1	0	0	0	0	0
mir-3074	0	0	0	0	0	0	0	0	0	0	0	0	0	0	1	1	1	0	0	0	0	0	0	0	0	0	1	1	0	0	0	0	0
mir-308	0	0	0	1	0	1	0	1	0	1	0	0	0	1	1	0	0	1	1	1	1	1	0	1	1	1	0	1	1	1	1	0	0
mir-31	1	1	1	0	1	1	1	1	0	0	0	0	1	1	1	1	1	1	1	1	0	1	0	1	1	1	1	1	1	1	1	1	1
mir-3149	0	0	0	0	0	0	0	1	0	0	0	0	0	0	0	0	0	0	0	0	0	0	0	0	0	0	0	0	0	0	0	0	0
mir-315	1	0	0	1	0	0	0	0	0	0	0	0	1	0	0	0	0	0	1	1	0	0	0	0	1	1	0	0	0	1	1	1	1
mir-32	0	0	0	0	0	0	0	0	0	0	0	0	0	0	1	0	1	0	0	0	0	0	0	0	0	0	1	1	0	0	0	0	0
mir-33	1	1	0	1	1	1	0	1	0	0	0	1	1	0	1	1	1	1	1	1	0	1	1	1	1	1	1	1	1	1	1	1	1
mir-335	0	0	0	1	0	0	1	1	0	0	0	0	0	0	0	0	0	0	1	1	0	1	0	1	1	0	0	0	0	0	0	0	0
mir-338	0	0	0	0	0	0	0	0	0	1	0	0	0	1	1	0	0	0	0	0	1	1	0	1	1	1	0	1	1	1	1	0	0
mir-34	1	1	0	1	1	1	1	0	0	0	1	0	0	1	1	1	1	1	1	1	0	0	1	1	1	1	1	1	1	1	1	1	1
mir-340	0	0	0	1	0	0	0	0	0	0	1	0	0	0	0	0	0	0	1	1	0	0	1	1	1	0	0	0	0	0	0	0	0
mir-3533	0	0	1	1	0	0	1	1	1	1	0	1	0	0	0	0	0	0	1	1	1	1	1	1	1	1	0	0	0	0	0	0	0
mir-3556	0	0	0	0	0	0	0	0	0	0	0	0	0	0	1	1	1	0	0	0	0	0	0	0	0	0	1	1	0	0	0	0	0
mir-3596	0	0	0	0	0	0	0	0	0	0	0	0	0	1	1	1	1	0	0	0	0	0	0	0	0	0	1	1	1	0	0	0	0
mir-36	1	0	0	1	0	0	1	0	0	0	1	0	0	0	0	0	0	0	1	1	0	0	1	1	1	1	0	0	0	0	1	1	1
mir-3618	0	0	0	1	0	0	0	0	1	0	0	0	0	1	1	1	1	0	1	1	1	1	0	1	1	1	1	1	1	1	1	0	0
mir-363	0	0	0	1	0	0	0	0	0	0	0	0	0	1	0	1	1	0	1	1	0	0	0	0	1	1	1	1	1	1	1	0	0
mir-365	0	0	0	0	0	0	0	0	0	0	0	0	0	1	1	1	1	0	0	0	0	0	0	0	0	0	1	1	1	0	0	0	0
mir-3661	0	0	0	0	0	0	0	0	0	0	0	0	0	1	1	1	1	0	0	0	0	0	0	0	0	0	1	1	1	0	0	0	0
mir-367	0	0	0	1	0	0	0	0	0	1	0	0	0	0	0	1	1	0	1	1	1	1	0	1	1	1	1	1	1	1	1	0	0
mir-368	0	0	0	1	0	0	1	0	0	0	0	0	0	0	0	0	0	0	1	1	0	0	0	0	0	0	0	0	0	0	0	0	0
mir-374	0	0	0	1	0	1	1	0	0	0	1	0	0	0	0	0	0	1	1	1	0	0	1	1	1	0	0	0	0	0	0	0	0
mir-375	1	1	0	0	0	0	0	0	0	0	0	0	1	1	1	1	1	0	0	0	0	0	0	0	0	0	1	1	1	1	1	1	1
mir-383	0	0	0	0	0	0	0	0	0	0	0	0	0	0	0	1	1	0	0	0	0	0	0	0	0	0	1	0	0	0	0	0	0
mir-395	0	1	0	1	0	1	0	0	0	0	1	0	0	1	1	0	0	1	1	1	0	0	1	1	1	1	0	1	1	1	1	1	0
mir-4079	0	0	0	0	1	1	0	0	0	0	0	0	0	0	0	0	0	1	0	0	0	0	0	0	0	0	0	0	0	0	0	0	0
mir-425	0	0	0	0	0	0	0	0	0	0	0	0	0	0	0	1	1	0	0	0	0	0	0	0	0	0	1	0	0	0	0	0	0
mir-430	0	0	0	1	0	0	0	0	0	0	0	0	1	1	0	0	0	0	1	1	0	0	0	0	1	1	0	0	1	1	1	0	0
mir-449	0	1	0	1	1	1	0	0	0	0	1	0	0	0	1	1	1	1	1	1	0	0	1	1	1	1	1	1	1	1	1	1	0
mir-450	0	0	0	1	0	0	1	1	0	0	1	0	0	0	0	0	0	0	1	1	0	1	1	1	1	0	0	0	0	0	0	0	0
mir-451	0	0	0	0	0	0	0	0	0	0	0	0	1	1	1	1	1	0	0	0	0	0	0	0	0	0	1	1	1	1	0	0	0
mir-454	0	0	0	0	0	0	0	0	0	0	0	0	0	1	1	1	1	0	0	0	0	0	0	0	0	0	1	1	1	0	0	0	0
mir-455	0	0	0	0	0	0	0	1	0	0	0	0	0	1	1	1	1	0	0	0	0	1	0	1	1	1	1	1	1	1	1	0	0
mir-456	0	0	0	0	0	0	0	0	0	0	0	0	1	1	1	1	1	0	0	0	0	0	0	0	0	0	1	1	1	1	0	0	0
mir-458	0	0	0	1	0	0	0	0	0	0	0	0	1	1	1	1	1	0	1	1	0	0	0	0	1	1	1	1	1	1	1	0	0
mir-46	1	1	1	0	0	0	1	0	0	0	0	1	0	0	0	0	0	0	0	1	0	0	1	1	1	1	0	0	0	0	1	1	1
mir-460	0	0	0	1	0	0	0	0	0	0	0	0	0	1	1	0	1	0	1	1	0	0	0	0	1	1	1	1	1	1	1	0	0
mir-463	0	0	0	1	1	0	0	0	0	0	0	0	0	1	1	1	1	1	1	1	0	0	0	0	1	1	1	1	1	1	1	0	0
mir-466	0	0	0	1	0	0	1	1	1	1	0	1	0	0	0	0	0	0	1	1	1	1	1	1	1	0	0	0	0	0	0	0	0
mir-467	0	0	1	1	0	0	1	1	1	1	0	1	0	0	0	0	0	0	1	1	1	1	1	1	1	1	0	0	0	0	0	0	0
mir-489	0	0	0	0	0	0	1	0	0	0	0	0	0	1	1	1	1	0	0	1	0	0	0	0	1	1	1	1	1	1	1	0	0
mir-4922	1	0	0	0	0	0	0	0	0	0	0	0	0	0	0	0	0	0	0	0	0	0	0	0	0	0	0	0	0	0	0	0	0
mir-499	0	0	0	0	0	0	0	0	0	0	0	0	0	1	1	1	1	0	0	0	0	0	0	0	0	0	1	1	1	0	0	0	0
mir-50	0	1	0	1	0	0	0	0	0	0	1	0	0	1	0	0	0	0	1	1	0	0	1	1	1	1	0	0	1	1	1	1	0
mir-549	0	0	0	1	0	0	0	0	0	0	1	0	0	0	0	1	0	0	1	1	0	0	1	1	1	1	1	1	1	1	1	0	0
mir-551	0	0	0	0	0	0	0	0	0	0	1	0	1	1	1	0	1	0	0	0	0	0	1	1	1	1	1	1	1	1	1	0	0
mir-553	0	0	0	1	0	0	1	1	0	0	0	0	0	0	0	0	0	0	1	1	0	1	0	1	1	0	0	0	0	0	0	0	0
mir-5592	1	0	0	0	0	0	0	0	0	0	0	0	0	0	0	0	0	0	0	0	0	0	0	0	0	0	0	0	0	0	0	0	0
mir-5593	1	0	0	0	0	0	0	0	0	0	0	0	0	0	0	0	0	0	0	0	0	0	0	0	0	0	0	0	0	0	0	0	0
mir-567	0	0	0	1	0	0	0	0	0	0	0	0	0	0	0	0	1	0	1	1	0	0	0	0	1	1	1	1	1	1	1	0	0
mir-568	0	0	0	1	0	0	1	1	1	1	0	1	0	0	0	0	0	0	1	1	1	1	1	1	1	0	0	0	0	0	0	0	0
mir-569	0	0	0	1	0	0	0	0	0	0	0	0	0	0	0	1	0	0	1	1	0	0	0	0	1	1	1	1	1	1	1	0	0
mir-574	0	0	0	1	0	1	1	1	0	1	1	1	1	1	1	1	1	1	1	1	1	1	1	1	1	1	1	1	1	1	1	0	0
mir-592	0	0	0	1	0	0	0	0	0	0	1	0	0	0	0	0	1	0	1	1	0	0	1	1	1	1	1	1	1	1	1	0	0
mir-598	0	1	0	0	0	0	0	0	0	0	0	0	0	1	1	0	0	0	0	0	0	0	0	0	0	0	0	1	1	1	1	1	0
mir-599	0	0	0	0	0	0	0	0	0	0	1	0	0	0	1	0	0	0	0	0	0	0	1	1	1	1	0	1	1	1	1	0	0
mir-6	0	0	0	1	0	0	0	0	0	0	1	0	0	0	0	1	0	0	1	1	0	0	1	1	1	1	1	1	1	1	1	0	0
mir-60	0	0	0	1	0	0	0	0	0	0	1	0	0	0	0	1	0	0	1	1	0	0	1	1	1	1	1	1	1	1	1	0	0
mir-6497	1	0	0	0	0	0	0	0	0	0	0	0	0	0	0	0	0	0	0	0	0	0	0	0	0	0	0	0	0	0	0	0	0
mir-651	0	0	0	1	0	1	0	0	0	0	1	0	0	0	1	0	0	1	1	1	0	0	1	1	1	1	0	1	1	1	1	0	0
mir-664	0	0	0	1	0	0	0	0	0	1	0	0	0	0	0	0	0	0	1	1	1	1	0	1	1	0	0	0	0	0	0	0	0
mir-67	1	0	0	0	0	0	0	0	0	0	0	0	0	0	0	0	0	0	0	0	0	0	0	0	0	0	0	0	0	0	0	0	0
mir-672	0	1	0	1	0	1	0	0	0	0	1	0	0	1	1	0	0	1	1	1	0	0	1	1	1	1	0	1	1	1	1	1	0
mir-7	1	1	1	1	1	1	1	1	1	1	1	1	1	1	1	1	1	1	1	1	1	1	1	1	1	1	1	1	1	1	1	1	1
mir-71	1	1	0	0	0	0	0	0	0	0	0	0	0	0	0	0	0	0	0	0	0	0	0	0	0	0	0	0	0	0	0	1	1
mir-72	1	0	0	0	0	0	0	0	0	0	0	0	0	0	0	0	0	0	0	0	0	0	0	0	0	0	0	0	0	0	0	0	0
mir-722	0	0	0	0	0	0	0	0	0	0	0	0	0	1	1	0	0	0	0	0	0	0	0	0	0	0	0	1	1	0	0	0	0
mir-726	0	0	0	0	0	0	0	0	0	0	0	0	0	1	0	0	1	0	0	0	0	0	0	0	0	0	1	1	1	0	0	0	0
mir-727	0	0	0	0	0	0	0	0	0	0	0	0	0	1	0	0	1	0	0	0	0	0	0	0	0	0	1	1	1	0	0	0	0
mir-737	0	0	1	1	0	0	1	1	0	1	0	0	0	1	0	0	1	0	1	1	1	1	0	1	1	1	1	1	1	1	1	0	0
mir-745	1	0	0	0	0	0	0	0	0	0	0	0	0	0	0	0	0	0	0	0	0	0	0	0	0	0	0	0	0	0	0	0	0
mir-75	0	0	0	1	0	0	0	0	0	0	0	0	0	1	1	0	0	0	1	1	0	0	0	0	1	1	0	1	1	1	1	0	0
mir-7880	1	0	0	0	0	0	0	0	0	0	0	0	0	0	0	0	0	0	0	0	0	0	0	0	0	0	0	0	0	0	0	0	0
mir-8	1	1	1	1	1	1	1	0	1	1	1	0	1	1	1	1	1	1	1	1	1	1	1	1	1	1	1	1	1	1	1	1	1
mir-8186	1	0	0	0	0	0	0	0	0	0	0	0	0	0	0	0	0	0	0	0	0	0	0	0	0	0	0	0	0	0	0	0	0
mir-8196	1	0	0	0	0	0	0	0	0	0	0	0	0	0	0	0	0	0	0	0	0	0	0	0	0	0	0	0	0	0	0	0	0
mir-8364	1	0	0	0	0	0	0	0	0	0	0	0	0	0	0	0	0	0	0	0	0	0	0	0	0	0	0	0	0	0	0	0	0
mir-87	1	0	0	1	0	0	0	0	0	0	1	0	0	0	0	0	0	0	1	1	0	0	1	1	1	1	0	0	0	0	1	1	1
mir-875	0	0	0	0	0	0	0	0	0	0	0	0	0	0	1	0	1	0	0	0	0	0	0	0	0	0	1	1	0	0	0	0	0
mir-876	0	0	0	1	0	1	0	0	0	0	1	0	0	0	0	0	0	1	1	1	0	0	1	1	1	0	0	0	0	0	0	0	0
mir-883	0	0	0	1	0	0	0	0	0	0	1	0	0	0	0	0	1	0	1	1	0	0	1	1	1	1	1	1	1	1	1	0	0
mir-8915	0	0	1	1	0	0	1	0	1	1	0	0	0	0	0	0	0	0	1	1	1	1	0	1	1	1	0	0	0	0	0	0	0
mir-9	1	1	0	1	0	0	0	0	0	0	0	0	1	1	1	1	1	0	1	1	0	0	0	0	1	1	1	1	1	1	1	1	1
mir-92	0	0	0	0	1	1	1	0	0	0	0	0	0	0	1	0	0	1	1	1	0	0	0	0	1	1	0	1	1	1	1	0	0
mir-92_2	0	0	1	1	0	0	0	0	0	0	1	0	0	0	0	0	0	0	1	1	0	0	1	1	1	1	0	0	0	0	0	0	0
mir-944	0	0	0	1	0	0	0	0	0	0	0	0	0	0	0	0	1	0	1	1	0	0	0	0	1	1	1	1	1	1	1	0	0
mir-96	1	1	0	1	0	0	1	0	0	0	1	0	1	1	1	1	0	0	1	1	0	0	1	1	1	1	1	1	1	1	1	1	1
mir-981	1	0	0	0	0	0	0	0	0	0	0	0	0	0	0	0	0	0	0	0	0	0	0	0	0	0	0	0	0	0	0	0	0
mir-996	0	0	0	1	0	1	0	0	0	0	1	0	1	1	1	1	1	1	1	1	0	0	1	1	1	1	1	1	1	1	1	0	0
